<?xml version="1.0"?>
<opencv_storage>
<HOGboats type_id="opencv-object-detector-hog">
  <winSize>
    128 88</winSize>
  <blockSize>
    16 16</blockSize>
  <blockStride>
    8 8</blockStride>
  <cellSize>
    8 8</cellSize>
  <nbins>9</nbins>
  <derivAperture>1</derivAperture>
  <winSigma>4.</winSigma>
  <histogramNormType>0</histogramNormType>
  <L2HysThreshold>2.0000000000000001e-01</L2HysThreshold>
  <gammaCorrection>1</gammaCorrection>
  <nlevels>64</nlevels>
  <signedGradient>0</signedGradient>
  <SVMDetector>
    -5.32019287e-02 -3.81274298e-02 -3.10866106e-02 -4.22966555e-02
    -2.40432397e-02 -1.72738079e-02 2.94089708e-02 1.35452934e-02
    -4.19420972e-02 -3.33228963e-03 6.00793026e-03 -2.59156395e-02
    -4.32450846e-02 -8.66576564e-03 -3.40359323e-02 -1.90066900e-02
    2.11366098e-02 -2.06112787e-02 -3.79893780e-02 4.01407527e-03
    1.73345916e-02 -1.80272816e-03 1.14697311e-02 -1.08679235e-02
    -1.57151464e-02 -3.66103044e-03 -7.54790939e-03 1.66107289e-04
    3.26724313e-02 -9.68902663e-04 -1.25612004e-03 2.92049740e-02
    5.86217595e-03 -3.36655695e-03 4.62142564e-02 3.07582989e-02
    7.58545939e-03 7.99505878e-03 -2.68944744e-02 -4.47201803e-02
    -1.66145824e-02 -5.35608344e-02 -1.12341736e-02 2.61549167e-02
    -5.41067217e-03 1.33981938e-02 2.97588333e-02 -7.98453751e-04
    -2.76910644e-02 2.68712547e-02 -5.17556705e-02 -3.74476984e-02
    2.41625751e-03 -1.24805262e-02 -3.90832983e-02 -4.50767111e-03
    -1.92028135e-02 -3.55632380e-02 -3.54621634e-02 -8.01888667e-03
    -2.88315546e-02 -4.43624711e-04 7.01307144e-04 -4.31261305e-03
    9.22694150e-03 -4.96756937e-03 2.85957940e-02 -2.74818391e-03
    2.45047268e-03 -2.48773042e-02 2.27225758e-02 7.66229955e-03
    -1.03163952e-02 2.69099846e-02 7.81591516e-03 -3.12030427e-02
    -9.30358004e-03 -2.53300201e-02 -9.00550932e-03 4.26940067e-04
    -5.41278943e-02 -1.15963528e-02 1.89996716e-02 -2.59517878e-02
    -2.65045427e-02 -5.21421246e-02 -3.58655378e-02 -1.91224962e-02
    1.14130061e-02 -4.30002809e-02 -3.71732078e-02 -1.51046515e-02
    -1.59759112e-02 -2.52602007e-02 -3.18160951e-02 -1.04465764e-02
    -4.32188436e-02 -6.35800976e-03 -5.44290505e-02 -8.09806399e-03
    2.25733444e-02 -3.26942354e-02 -1.17151001e-02 -1.90993845e-02
    1.14319930e-02 -1.11975074e-02 3.74647118e-02 -1.55848451e-02
    -1.66818295e-02 -8.42696335e-03 -1.96894649e-02 -4.60239016e-02
    -1.24289915e-02 -4.55107689e-02 -8.71856697e-03 3.94255742e-02
    -1.76974460e-02 -2.47296188e-02 -6.76389551e-03 -3.96713540e-02
    -5.76364398e-02 -8.59760772e-03 -2.73547154e-02 -4.01705541e-02
    5.43186814e-03 -1.03604766e-02 -2.72962078e-02 -3.84900495e-02
    -3.39134187e-02 -3.15087624e-02 -2.36701220e-02 -1.36348428e-02
    -2.34880038e-02 1.34328837e-02 -6.30853977e-03 -1.50767085e-03
    1.28566921e-02 -3.26394178e-02 -2.19751634e-02 4.69804741e-02
    5.16923890e-03 -4.20524878e-03 1.12610031e-02 -1.91087034e-02
    -2.50076354e-02 1.59523468e-02 -1.61137693e-02 -2.88524944e-02
    -1.83588658e-02 -2.72751525e-02 -1.14851184e-02 1.13414172e-02
    1.33996056e-02 -8.67413636e-03 9.96662863e-03 -4.16432321e-03
    -3.43218148e-02 7.58237438e-03 -3.66308950e-02 -1.26771210e-02
    3.30930613e-02 -3.31029086e-03 -4.70226370e-02 7.36760441e-03
    -3.83563526e-02 -1.13493465e-02 1.11264933e-03 9.56141856e-03
    -3.08312494e-02 1.91978214e-03 -3.04867253e-02 -2.98870001e-02
    1.80435907e-02 1.18265033e-03 -3.61877959e-03 -2.16697212e-02
    9.33136733e-04 -1.14133535e-02 3.69527116e-02 2.57843081e-03
    2.31676525e-03 7.76400836e-03 -1.83755215e-02 -4.04830910e-02
    9.42051318e-03 -5.54787181e-02 -9.91136860e-03 5.97364604e-02
    1.23830698e-02 5.93764847e-03 2.09421087e-02 -2.73068678e-02
    -2.38854084e-02 3.15428264e-02 -1.67152993e-02 -2.40439940e-02
    1.38535136e-02 3.34363393e-02 -6.32632617e-03 -1.14352377e-02
    -4.61429134e-02 -3.91792692e-02 3.34406495e-02 -1.36192692e-02
    -2.38599014e-02 5.23600765e-02 1.86611898e-02 -1.09990882e-02
    1.03120701e-02 3.13098752e-03 -9.69417207e-03 3.57664712e-02
    -2.23818347e-02 -4.79635671e-02 -2.19852477e-02 2.76298169e-02
    5.05212555e-03 -4.13656607e-03 -2.66802078e-03 -3.52202691e-02
    2.30620964e-03 -2.38016136e-02 -2.96364701e-03 4.21390682e-02
    4.88001704e-02 -2.28790473e-02 9.01405234e-03 2.30182391e-02
    -2.13979892e-02 -4.22453647e-03 -1.98445562e-02 -2.08818056e-02
    6.70113266e-02 1.50093120e-02 -7.05192360e-05 2.10448578e-02
    4.41134488e-03 -3.88661912e-03 2.06121728e-02 1.95366330e-02
    -1.00693442e-02 2.82134954e-02 1.26027856e-02 2.02895771e-03
    3.43908854e-02 -1.65738575e-02 -1.79518238e-02 -3.93747985e-02
    1.17358821e-03 -3.16039063e-02 1.52558275e-02 -3.50198447e-04
    1.42621342e-04 1.00832190e-02 -1.52299341e-04 -1.22260563e-02
    4.32602130e-03 -3.58413905e-03 3.39614041e-02 1.13709643e-01
    6.05791807e-02 1.69018358e-02 9.10579879e-03 -1.97379030e-02
    -1.46887647e-02 6.12511719e-03 -1.07384473e-02 -3.91634461e-03
    7.96724558e-02 5.64733259e-02 -2.69639883e-02 3.10417209e-02
    -1.24322427e-02 -2.17258628e-03 2.05046544e-03 1.53941913e-02
    -1.76031552e-02 3.85093875e-02 -6.51062559e-03 -1.67290531e-02
    3.23658623e-02 -1.07319243e-02 9.04992875e-03 -7.09583890e-03
    4.94825747e-03 -1.82759333e-02 3.53576280e-02 -4.18956112e-03
    3.21394540e-02 2.60171760e-02 8.44293041e-04 5.35579224e-04
    -6.29022019e-03 -1.67277770e-03 5.29525895e-03 6.00068755e-02
    4.12849188e-02 1.55347157e-02 4.15457189e-02 8.29632580e-03
    2.85840575e-02 1.35606378e-02 9.02992673e-03 -1.36100210e-03
    6.30961135e-02 2.84516569e-02 -1.81272437e-04 3.39829251e-02
    1.66086890e-02 1.56707875e-02 1.93101373e-02 3.50454040e-02
    7.58156879e-03 7.06000403e-02 2.75367927e-02 -7.11150980e-03
    2.07817592e-02 -1.06495451e-02 2.50049327e-02 1.09102251e-02
    2.50881296e-02 1.26628252e-03 2.58994568e-02 8.30539782e-03
    2.28814539e-02 4.61200364e-02 3.38708013e-02 1.32614588e-02
    -4.56540175e-02 7.21012754e-03 2.08237804e-02 6.90566823e-02
    5.13371304e-02 3.53468470e-02 1.40207186e-02 -5.95505629e-03
    6.07291386e-02 2.84914244e-02 5.69694564e-02 7.63518810e-02
    9.24992636e-02 5.81341274e-02 -5.15046343e-03 -4.54017567e-03
    -2.13377178e-02 4.22439678e-03 -2.02586297e-02 2.27999911e-02
    -9.34746861e-03 2.94792559e-02 1.67967211e-02 2.48417407e-02
    1.31063545e-02 -9.39071551e-03 6.54827952e-02 3.24120671e-02
    4.22886461e-02 9.70913214e-04 4.68681417e-02 6.29634857e-02
    -2.65122987e-02 9.64741595e-03 2.42789686e-02 6.61558425e-03
    2.30076481e-02 7.16049317e-03 2.16710451e-03 1.74450092e-02
    1.28364014e-02 -8.43041297e-03 2.85346210e-02 -6.54358242e-04
    1.97645631e-02 -2.82076299e-02 -5.70900366e-03 -3.90868336e-02
    5.31938672e-03 -2.82732025e-03 -7.43567804e-03 4.13597049e-03
    -1.44560738e-02 -1.76759344e-02 5.49096428e-03 1.58178750e-02
    -2.73826532e-02 3.14542241e-02 2.59928275e-02 1.27468230e-02
    2.38008890e-02 -6.26629731e-03 1.25324987e-02 3.18311378e-02
    1.35077918e-02 -4.09947000e-02 2.68248022e-02 1.82112269e-02
    -2.34963857e-02 1.05174892e-02 7.80479331e-03 1.03799608e-02
    -2.21634582e-02 -2.00849604e-02 -2.41820468e-03 -9.75459442e-03
    3.08733783e-03 -2.64132563e-02 -5.71612641e-03 -1.57452077e-02
    1.82812102e-02 -4.17744508e-03 2.51278491e-03 -2.27948930e-02
    2.56401487e-02 -1.17755225e-02 -1.11660231e-02 2.57003307e-02
    -2.80596782e-02 -1.75870452e-02 1.94103029e-02 -2.53226579e-04
    -1.33923525e-02 -1.91923138e-02 -1.27358641e-02 -4.10462869e-03
    2.47861613e-02 -9.68264323e-03 1.85362864e-02 3.70412581e-02
    3.42330113e-02 1.51354298e-02 2.05762256e-02 -8.90326872e-03
    -7.12220371e-03 1.03005965e-03 1.29492697e-03 7.63793942e-05
    -4.11870368e-02 -5.09446487e-02 -2.41044387e-02 -1.05778093e-03
    -3.78528498e-02 6.06423756e-03 -4.85467538e-03 -4.27383073e-02
    -3.16079669e-02 -3.78868170e-02 9.40956362e-03 1.31801162e-02
    1.83093660e-02 -2.23209094e-02 -1.69763025e-02 5.65312570e-03
