<?xml version="1.0"?>
<opencv_storage>
<HOGboats type_id="opencv-object-detector-hog">
  <winSize>
    128 88</winSize>
  <blockSize>
    16 16</blockSize>
  <blockStride>
    8 8</blockStride>
  <cellSize>
    8 8</cellSize>
  <nbins>9</nbins>
  <derivAperture>1</derivAperture>
  <winSigma>4.</winSigma>
  <histogramNormType>0</histogramNormType>
  <L2HysThreshold>2.0000000000000001e-01</L2HysThreshold>
  <gammaCorrection>1</gammaCorrection>
  <nlevels>64</nlevels>
  <signedGradient>0</signedGradient>
  <SVMDetector>
    -8.27584416e-02 -3.69664840e-02 -5.65222977e-03 -8.22841376e-03
    -1.27212107e-02 -2.82241292e-02 8.29791930e-03 5.86942071e-03
    -6.16145954e-02 -9.18979011e-03 1.86043847e-02 -9.30683967e-03
    -2.22376641e-02 -4.96107677e-04 -1.75630748e-02 -1.90306585e-02
    1.02879703e-02 -4.12280895e-02 -4.61614877e-02 -9.67772305e-03
    2.17098705e-02 1.61290448e-02 2.53091417e-02 -1.14088617e-02
    -1.23033272e-02 8.31235200e-03 -2.48621851e-02 2.85417121e-02
    2.93029454e-02 1.66053395e-03 1.27093690e-02 3.68110649e-02
    2.17442238e-03 -2.01917961e-02 2.65353899e-02 2.92309653e-02
    1.84601726e-04 2.90439138e-03 -3.21591608e-02 -3.29588167e-02
    -3.12808268e-02 -4.46115658e-02 2.47740652e-03 2.73592323e-02
    -1.61647163e-02 3.98997776e-03 1.48517452e-02 -6.18204009e-03
    -3.78637351e-02 -3.10236518e-03 -5.11811487e-02 -1.27946008e-02
    1.37454048e-02 -1.49675347e-02 -1.79045033e-02 7.90456682e-03
    7.49686547e-03 -1.67268403e-02 -1.48286698e-02 -3.04340161e-02
    -3.52250412e-02 -9.05980542e-03 -3.16542901e-05 1.05288681e-02
    2.69146971e-02 2.37180777e-02 2.60115601e-02 -6.64240168e-03
    -8.80941376e-03 -6.05636276e-03 4.02536616e-02 1.91588104e-02
    -2.33252198e-02 2.06748247e-02 7.10634887e-03 -4.83262353e-02
    -1.82198044e-02 -6.89665973e-02 -1.29683147e-04 2.03571320e-02
    -4.74642292e-02 -1.57416966e-02 2.98284777e-02 6.02858560e-03
    -3.65496352e-02 -5.58639280e-02 -5.70806563e-02 -1.65598728e-02
    2.55597364e-02 -3.57553698e-02 -2.64482256e-02 -2.57393271e-02
    -9.93431918e-03 -3.10990158e-02 -2.04053558e-02 -1.93421207e-02
    -2.35942286e-02 1.80171349e-03 -3.06176767e-02 -1.88562907e-02
    2.46401131e-02 -2.07762923e-02 -1.52010489e-02 1.84735050e-03
    -8.91200919e-03 -5.60342520e-03 3.56868282e-02 -1.12939561e-02
    -9.89944488e-03 1.60973985e-02 6.42705662e-03 -5.41957133e-02
    -1.52603742e-02 -6.10106550e-02 -1.66555215e-02 3.64281721e-02
    -1.30190263e-02 -3.79258581e-02 -4.89430409e-03 -9.88644827e-03
    -3.58117148e-02 -6.73172437e-03 -2.62433998e-02 -2.53694113e-02
    1.48875611e-02 -4.41337330e-03 -2.57132314e-02 -2.59160828e-02
    -2.04103775e-02 -3.07514463e-02 -2.00499855e-02 -4.04884070e-02
    -3.80763859e-02 1.33267595e-02 -1.61509193e-03 -9.33946855e-03
    5.84304100e-03 -2.01428737e-02 -2.02067588e-02 3.17366458e-02
    -4.19846596e-03 -1.74054336e-02 2.35975888e-02 -1.15606990e-02
    -1.30870985e-02 3.23347677e-03 -5.92840277e-03 -7.66449841e-03
    -5.45461942e-03 -2.21093185e-02 3.84193892e-03 1.88240446e-02
    4.34828289e-02 -3.24392430e-02 1.98475015e-03 -1.19990343e-02
    -4.30494547e-02 8.80100671e-03 -1.54975243e-02 -1.14895888e-02
    4.52167541e-02 1.69309415e-02 -6.13857433e-02 -1.35704763e-02
    -2.60235593e-02 -7.39085674e-03 -1.10897813e-02 -1.46697043e-03
    -2.67172270e-02 1.29072079e-02 -2.20600814e-02 -3.68885249e-02
    -1.67643733e-03 -2.91517674e-04 -3.09622139e-02 -6.06148597e-03
    1.81042142e-02 -2.68359538e-02 2.03122869e-02 -3.31584737e-03
    -1.31151071e-02 -6.86598895e-03 -3.47995386e-02 -4.68093455e-02
    5.50644565e-03 -3.17994244e-02 -1.21651888e-02 7.11160898e-02
    2.21618339e-02 2.00336445e-02 7.20195565e-03 -1.51653690e-02
    -9.67674702e-03 2.67331507e-02 -4.09316383e-02 -3.44829224e-02
    1.49524687e-02 4.62170057e-02 -2.05883682e-02 -2.02834290e-02
    -3.44084874e-02 -3.97381261e-02 4.12009731e-02 -2.01295246e-03
    -2.41881553e-02 3.63013037e-02 -5.20590460e-03 -1.85568128e-02
    1.95125509e-02 3.15228500e-03 -1.37814255e-02 2.03333870e-02
    -2.61153355e-02 -4.67595980e-02 -1.26239322e-02 6.30377047e-03
    -8.46433826e-03 5.71113732e-03 -8.61240458e-03 -3.26781049e-02
    -1.97646301e-02 -4.31608632e-02 -1.27437767e-02 4.64552976e-02
    2.12214887e-02 -2.79292762e-02 1.04183890e-02 1.60561930e-02
    -3.05569023e-02 7.32447393e-03 -2.51315217e-02 -1.52388373e-02
    7.23640099e-02 -1.69245165e-03 -1.46916853e-02 8.57137702e-03
    -1.19967563e-02 9.35633853e-03 1.54129893e-03 9.19188093e-03
    -5.53580513e-03 4.01403569e-02 1.93987451e-02 -2.61168666e-02
    2.11342126e-02 6.48613414e-03 -3.09426780e-03 -1.07457992e-02
    2.23623496e-03 -3.48313376e-02 4.27993527e-03 2.75180652e-03
    7.63829658e-03 3.62394266e-02 2.66661514e-02 -2.35811528e-02
    2.98660132e-03 2.27474351e-03 3.26374471e-02 1.00145362e-01
    4.13940921e-02 2.68870462e-02 3.32944468e-02 -1.87558644e-02
    -1.45832347e-02 -1.14149945e-02 -5.65761933e-03 6.42159628e-03
    8.14428851e-02 4.52920608e-02 -2.63148267e-02 2.66754888e-02
    -7.25189503e-03 4.46264772e-03 1.09868385e-02 1.88638326e-02
    -2.83633228e-02 1.52482735e-02 9.54584777e-03 3.71440826e-03
    5.06433211e-02 -6.43878803e-03 6.29877672e-03 1.07380307e-04
    1.82592906e-02 -6.22949842e-03 1.74357072e-02 1.17221503e-02
    1.10093877e-02 3.71940881e-02 -9.34911426e-03 4.76257084e-03
    -3.29726338e-02 2.36822013e-03 1.49457222e-02 4.72008288e-02
    3.33699584e-02 2.16032658e-02 2.86639370e-02 1.10970968e-02
    3.09347715e-02 2.16270275e-02 2.70501319e-02 -1.12339226e-03
    4.65329923e-02 2.61138976e-02 2.60066660e-03 4.35446054e-02
    2.77813375e-02 2.52489783e-02 1.75415874e-02 3.98347341e-02
    3.75617715e-03 4.02370468e-02 1.63318124e-02 -2.23623738e-02
    2.34563686e-02 -1.23250466e-02 1.48831988e-02 1.37182586e-02
    3.07186861e-02 5.08582313e-03 1.02377953e-02 -1.66911632e-02
    3.00825275e-02 5.60011454e-02 4.57689166e-02 -1.83084165e-03
    -3.93422097e-02 1.76608302e-02 2.21544914e-02 5.70658967e-02
    3.94818559e-02 1.83645766e-02 2.37334576e-02 1.47263221e-02
    3.46538424e-02 1.32326195e-02 6.33235127e-02 6.91997781e-02
    8.30821469e-02 4.14685644e-02 7.26328371e-03 7.49836583e-03
    -1.41205043e-02 2.91920407e-03 -2.30586552e-03 2.77273599e-02
    1.72276818e-03 3.73219028e-02 2.09990684e-02 1.51760364e-02
    2.42097885e-03 -1.84287783e-02 4.27361317e-02 2.07624231e-02
    4.57231961e-02 1.51531043e-04 3.53911631e-02 4.59251888e-02
    -4.73399758e-02 6.97287032e-04 -1.30045181e-03 1.42617691e-02
    9.67688672e-03 -3.73474439e-03 -6.53334486e-04 1.58878621e-02
    -1.13124456e-02 -1.57790016e-02 3.76577750e-02 -8.96162540e-03
    1.96665470e-02 -1.73849147e-02 -1.43693015e-02 -4.94132377e-02
    -5.25040226e-03 4.55830200e-03 -2.17173826e-02 -9.49254725e-03
    -3.90959196e-02 -3.56545672e-03 1.65441558e-02 -6.71654195e-03
    -1.58948749e-02 2.97726151e-02 2.17523836e-02 -6.05005538e-03
    9.10202682e-04 -2.25948589e-03 2.63581122e-03 2.30630562e-02
    8.18163436e-03 -4.25959304e-02 4.79916185e-02 1.51106939e-02
    -1.79146621e-02 1.35007352e-02 4.48750937e-03 1.93883032e-02
    -2.55958289e-02 -3.00751254e-02 -9.61810350e-03 -2.99772378e-02
    -1.02744531e-03 -5.39782271e-03 2.29151249e-02 1.12922806e-02
    2.17626002e-02 -6.35633059e-03 -1.89140271e-02 -2.35483740e-02
    1.01073356e-02 -4.79842303e-03 -7.18834205e-03 1.64042953e-02
    3.76089616e-03 -9.58951481e-04 5.45071717e-03 1.27350315e-02
    -1.93155848e-03 -3.87687795e-03 -4.36722161e-03 -7.51133077e-03
    2.33709645e-02 7.56005943e-03 4.05602306e-02 5.03050424e-02
    1.60276797e-02 7.80201703e-03 2.44608857e-02 -1.42767271e-02
    -9.26558767e-03 8.96575686e-04 4.69836732e-03 -1.46871191e-02
    -2.66959276e-02 -5.81837483e-02 -2.27146279e-02 -1.80068426e-02
    -3.20529044e-02 -2.12469064e-02 -1.41814910e-02 -4.06709909e-02
    -2.49157008e-02 -3.07891741e-02 -1.33716362e-02 -5.52365929e-03
    1.00072585e-02 -2.83499956e-02 -1.53672220e-02 -1.79784105e-03
