<?xml version="1.0"?>
<opencv_storage>
<HOGboats type_id="opencv-object-detector-hog">
  <winSize>
    128 88</winSize>
  <blockSize>
    16 16</blockSize>
  <blockStride>
    8 8</blockStride>
  <cellSize>
    8 8</cellSize>
  <nbins>9</nbins>
  <derivAperture>1</derivAperture>
  <winSigma>4.</winSigma>
  <histogramNormType>0</histogramNormType>
  <L2HysThreshold>2.0000000000000001e-01</L2HysThreshold>
  <gammaCorrection>1</gammaCorrection>
  <nlevels>64</nlevels>
  <signedGradient>0</signedGradient>
  <SVMDetector>
    -7.37937959e-03 -6.15841942e-03 -4.72317589e-03 -1.04494123e-02
    -3.46532464e-02 -1.30344846e-03 1.34114791e-02 -2.04062220e-02
    -3.42281014e-02 -7.10490532e-03 1.20492587e-02 -2.33819033e-03
    3.08894669e-03 3.35487872e-02 -8.98611639e-03 -1.78107270e-03
    -1.18033830e-02 -3.41152735e-02 -2.78780740e-02 7.90477730e-03
    1.69067327e-02 8.05416331e-03 1.01664150e-02 4.28737229e-04
    1.09507870e-02 -1.25813195e-02 -6.67529786e-03 2.30352418e-03
    1.95345096e-02 1.22507825e-03 -1.37530994e-02 5.44941379e-03
    5.88050997e-03 -1.63953640e-02 5.49251039e-04 -3.13287671e-03
    -5.71352197e-03 -1.69472471e-02 -1.71781629e-02 -2.54183933e-02
    -4.15334804e-03 -4.26489068e-03 -6.97814859e-03 1.51807806e-02
    -4.55343910e-03 8.68467893e-03 1.23556070e-02 6.32301951e-03
    -1.16515709e-02 -1.98924053e-03 -2.60846317e-02 -2.36754548e-02
    -2.29188285e-04 -7.74213811e-04 -3.09575293e-02 -1.89458281e-02
    -5.53790852e-03 -2.91003436e-02 -1.34977391e-02 -9.35329963e-03
    -3.32386175e-04 -9.66044085e-04 -1.72192287e-02 2.34669633e-02
    1.02337347e-02 -7.44379451e-03 -6.77754264e-03 1.86256133e-02
    -1.82461832e-02 3.60764866e-03 1.07418187e-02 1.75119890e-03
    -1.68805961e-02 1.09260492e-02 2.83763111e-02 1.40731316e-02
    1.02408696e-03 -2.79974882e-02 1.30562428e-02 1.07792160e-02
    -2.19011754e-02 -8.08717404e-03 2.16739420e-02 -2.93724635e-03
    1.56131480e-02 -1.09271398e-02 -2.98335683e-02 -1.14202565e-02
    1.31715676e-02 3.08666495e-03 -1.83940511e-02 -4.93528321e-03
    -2.04641391e-02 -2.96540018e-02 -1.86623372e-02 -1.18350098e-02
    -2.06346884e-02 -2.75432551e-03 -9.55348741e-03 -2.48700078e-03
    3.08952127e-02 -1.92184318e-02 1.54164899e-03 3.01335659e-02
    -6.49849512e-03 1.17196832e-02 5.18179946e-02 1.49074020e-02
    -1.03236418e-02 1.79938367e-03 -1.13455141e-02 -2.15545613e-02
    5.27039217e-03 -1.73275417e-03 1.18774762e-02 3.55479941e-02
    -6.61508320e-03 -1.07634427e-04 1.94907410e-03 9.97616537e-03
    2.07629018e-02 -1.50080211e-02 -3.26413428e-03 -2.57281084e-02
    2.42542345e-02 -8.23021028e-03 -2.05111317e-02 -2.05821525e-02
    -2.12271120e-02 -1.55637618e-02 1.62627064e-02 -1.13653336e-02
    -1.71134546e-02 4.37116250e-03 -2.09698137e-02 -1.61757378e-03
    8.58879299e-04 -1.13129029e-02 3.41370306e-03 1.38692046e-03
    1.12697901e-02 -1.39376335e-02 -2.55237421e-04 2.59349099e-03
    -9.74101387e-03 1.18199531e-02 -1.89887895e-03 -1.93716231e-04
    -1.35330232e-02 -2.37346925e-02 -1.35056803e-03 1.36462916e-02
    1.76812876e-02 -3.05372011e-02 -2.82137771e-03 -4.03280510e-03
    -1.92736760e-02 2.17899121e-02 -1.37664359e-02 -1.09209996e-02
    2.40180027e-02 8.95079039e-03 -3.48867886e-02 3.86526552e-03
    -4.65348270e-03 1.70893762e-02 -9.62395221e-03 5.18215774e-03
    -4.20347452e-02 -2.47029122e-02 -3.89494635e-02 -2.50844546e-02
    8.75970069e-03 2.53376402e-02 3.62092885e-03 3.34420963e-03
    -1.39292981e-02 -3.75628769e-02 -1.65108780e-04 -8.86136573e-03
    -2.33157841e-03 4.93496424e-03 -4.09512257e-04 1.22066876e-02
    5.61761530e-03 -3.48509848e-03 -3.71798221e-03 3.19737084e-02
    3.06330994e-02 -5.62944030e-03 1.47822239e-02 -1.78902354e-02
    5.76383842e-04 1.91785872e-03 2.93437392e-03 -1.67842414e-02
    7.55929202e-03 1.83997750e-02 -1.09767383e-02 -2.36554327e-03
    -1.07079847e-02 -8.62696301e-03 3.28612812e-02 8.26822408e-03
    -8.96279886e-03 2.24125888e-02 1.93776458e-03 -3.10515538e-02
    2.97791772e-02 1.16725387e-02 -6.83646323e-03 9.97621566e-03
    7.30318669e-03 -3.01714148e-02 -2.61838399e-02 -8.38690158e-03
    -4.48291525e-02 1.72970281e-03 -2.75427680e-02 -2.17235480e-02
    1.29504800e-02 -3.89051274e-03 -6.35350868e-03 2.35326327e-02
    1.16736228e-02 -4.18953821e-02 1.01057440e-02 -3.66294105e-03
    7.20034121e-04 -1.25627685e-02 3.48573923e-03 -1.42111806e-02
    3.24509181e-02 -1.77534278e-02 -1.19056180e-02 2.37280857e-02
    2.25990103e-03 1.40629262e-02 -1.71795543e-02 -6.39535300e-03
    4.46909340e-03 9.45472158e-03 1.03750871e-02 -1.44358072e-02
    2.87367478e-02 -2.00044680e-02 5.58747351e-03 -2.23705489e-02
    2.08610464e-02 -6.29145652e-03 -1.06342938e-02 -5.15506044e-03
    9.09546018e-03 3.30905691e-02 1.69455837e-02 3.67209082e-03
    -8.87825899e-03 7.35075632e-03 2.78987717e-02 5.01199551e-02
    7.14091072e-03 -1.91102596e-03 3.36651057e-02 -1.34123843e-02
    -3.69490944e-02 9.44334827e-03 -7.74361845e-03 8.70167278e-03
    5.06995656e-02 -2.22284347e-02 4.61041462e-03 1.69994663e-02
    -2.38197856e-02 1.26417419e-02 -5.58233960e-03 6.54366566e-03
    5.13875624e-03 -1.30711077e-03 -1.00747105e-02 -1.80890337e-02
    5.08792177e-02 -3.03944219e-02 -1.37584740e-02 -1.29831387e-02
    -1.17355106e-04 -2.11369731e-02 3.81982070e-03 -1.31700365e-02
    3.10339476e-03 3.20531800e-02 -9.00756742e-04 -6.09486271e-03
    -8.52970686e-03 -1.80686563e-02 1.14689646e-02 3.37107852e-02
    1.57764368e-02 1.90105215e-02 1.16848974e-02 -4.15993156e-03
    1.09636122e-02 2.71179713e-03 1.43415993e-02 -3.42857558e-03
    4.62456606e-02 2.54803114e-02 -1.00949518e-02 2.49837376e-02
    2.62287371e-02 3.09980251e-02 2.58415751e-02 5.13525587e-03
    1.14532197e-02 2.58568265e-02 7.83970766e-03 2.34093014e-02
    2.07329798e-03 -1.36200618e-02 5.82162524e-03 -2.41166558e-02
    1.29556861e-02 2.11586733e-03 -1.93860233e-02 -7.13911280e-03
    2.30235327e-02 3.07537857e-02 7.45245023e-03 -6.55444665e-03
    1.23906862e-02 7.18696788e-03 -7.69331632e-03 4.66754436e-02
    2.35717893e-02 2.61995997e-02 1.96011793e-02 6.14677629e-05
    2.30721105e-02 1.09683778e-02 6.67640567e-02 9.23600420e-03
    3.05245966e-02 2.53440347e-02 1.81870721e-02 -2.40200153e-03
    -1.14016756e-02 -1.27715420e-03 1.33184912e-02 4.14350815e-02
    1.91439260e-02 2.61773709e-02 5.43634035e-03 -4.04281681e-03
    -2.29117298e-03 -1.47630377e-02 2.98925824e-02 2.95488909e-02
    4.19362001e-02 1.64026339e-02 2.77123246e-02 2.33936198e-02
    -9.59960092e-03 7.71701336e-04 6.19312376e-03 1.33653090e-03
    1.06276553e-02 -9.51803289e-03 1.73594244e-02 1.20161278e-02
    -1.08711200e-03 1.01215113e-02 8.96903407e-03 3.24074179e-04
    -8.84218980e-03 -7.05303112e-03 -5.17951604e-03 -1.03894779e-02
    -3.98219982e-03 -2.96663231e-04 -8.75412580e-03 1.57701243e-02
    2.11816952e-02 -3.73256989e-02 1.17063290e-02 6.58127386e-03
    -4.08504810e-03 4.10345569e-03 1.17247673e-02 1.70227662e-02
    3.03595047e-02 1.47143425e-02 8.53294227e-03 7.21576530e-03
    -1.41122583e-02 -2.11577048e-03 5.96351502e-03 -8.36765021e-03
    -1.20672574e-02 3.89578124e-03 1.28706424e-02 2.01711766e-02
    -1.65858380e-02 -3.89163778e-03 5.87363914e-03 -4.90937009e-03
    -2.85441359e-03 -5.47872041e-04 1.10008121e-02 4.65175835e-03
    -9.52319521e-03 -8.85946583e-03 -6.57122629e-03 -5.64005808e-04
    -5.70694450e-03 -1.21978037e-02 3.56771681e-03 1.54629769e-03
    -2.70335320e-02 -1.94020488e-03 1.71135136e-04 -8.17195605e-03
    -1.15175936e-02 -5.46337850e-03 7.15539930e-03 -6.88214693e-03
    4.96573746e-03 -1.94064453e-02 -2.82988716e-02 1.12633053e-02
    2.18684357e-02 -6.12172205e-03 2.05408186e-02 2.88807717e-03
    5.84523566e-03 1.40759489e-02 -3.88760323e-04 -1.07810218e-02
    -8.61152657e-04 -1.83026772e-02 -1.29340645e-02 -1.49526112e-02
    -1.57137215e-02 -1.84006977e-03 1.97229199e-02 4.78314189e-03
    -1.00278677e-02 -1.74481999e-02 -2.72206613e-03 -1.51030580e-02
    9.37456731e-03 -1.88579895e-02 2.52578617e-03 -2.16237847e-02
