<?xml version="1.0"?>
<opencv_storage>
<HOGboats type_id="opencv-object-detector-hog">
  <winSize>
    128 88</winSize>
  <blockSize>
    16 16</blockSize>
  <blockStride>
    8 8</blockStride>
  <cellSize>
    8 8</cellSize>
  <nbins>9</nbins>
  <derivAperture>1</derivAperture>
  <winSigma>4.</winSigma>
  <histogramNormType>0</histogramNormType>
  <L2HysThreshold>2.0000000000000001e-01</L2HysThreshold>
  <gammaCorrection>1</gammaCorrection>
  <nlevels>64</nlevels>
  <signedGradient>0</signedGradient>
  <SVMDetector>
    -2.19865032e-02 1.18782662e-03 -1.04277087e-02 -8.38407222e-03
    -4.37122211e-03 -3.45744602e-02 -4.82793606e-04 -7.98692927e-03
    -5.07377647e-02 -1.94117371e-02 -9.12271161e-03 -1.48974070e-02
    -1.67011563e-02 2.67663933e-02 4.42564208e-03 -2.72494778e-02
    2.37703640e-02 -2.05982588e-02 -2.18368955e-02 2.16982625e-02
    2.53082644e-02 9.62309446e-03 -8.69545329e-04 -9.58865602e-03
    -2.43847854e-02 1.60311479e-02 -7.35080661e-03 1.22443750e-03
    3.33952978e-02 1.89294871e-02 -8.51582084e-03 3.52642611e-02
    5.35661820e-03 -3.06161456e-02 2.39128526e-02 9.63667221e-03
    -7.46148312e-03 -6.96040969e-03 4.72971442e-04 -4.82812598e-02
    -4.11125571e-02 -3.98726240e-02 -8.83666426e-03 2.46357322e-02
    1.48700969e-03 -5.25096431e-03 -4.33259364e-03 2.99949502e-03
    -1.95638649e-02 1.07243322e-02 -5.33700660e-02 -1.87397692e-02
    1.94444880e-02 -1.44543881e-02 -2.12329011e-02 -9.51062609e-03
    -1.08289570e-02 -3.95960435e-02 -2.13855114e-02 -1.81554127e-02
    -1.68870445e-02 -8.21683742e-03 -1.41410111e-02 1.58864190e-03
    2.44657067e-03 -1.30489757e-02 3.44895534e-02 6.31881878e-03
    5.25877113e-03 -9.19252262e-03 -3.88952758e-04 5.86279156e-03
    -4.09727357e-02 -1.17491176e-02 4.42643696e-03 -4.14036214e-02
    -8.27207137e-03 -4.41818498e-02 8.08879640e-03 4.85247839e-03
    -5.75800426e-02 -3.86611223e-02 -1.84823256e-02 -2.35941466e-02
    -3.48857865e-02 -2.84962859e-02 -3.62368599e-02 -1.28025981e-02
    2.62307469e-02 -5.24437204e-02 -3.97945344e-02 -8.51696637e-03
    -2.07650214e-02 -1.25598060e-02 -2.65297797e-02 -2.56994050e-02
    -1.76641755e-02 -1.58051141e-02 -2.44523864e-02 3.11900657e-02
    2.70693842e-02 -7.46555859e-03 6.16950542e-03 2.42493022e-03
    4.38905507e-03 7.63513288e-03 4.50880788e-02 1.03038596e-02
    4.86908772e-04 6.20980607e-03 -1.99641902e-02 -4.51719686e-02
    -1.09688938e-02 -4.81889769e-02 -6.73559541e-03 3.92953604e-02
    4.65353485e-03 -2.31996216e-02 -9.99146234e-03 -3.40860374e-02
    -3.20532694e-02 -1.05265789e-02 -1.99138597e-02 -4.56003509e-02
    1.82507150e-02 4.38554771e-03 -1.95157807e-02 -1.03185717e-02
    -2.53061112e-02 -2.15518344e-02 -1.92095805e-02 -8.49275663e-03
    -2.19247732e-02 6.75827777e-03 -1.80183202e-02 -3.35679622e-03
    1.97964218e-02 8.04567616e-03 -6.27367664e-03 1.69849750e-02
    6.62234728e-04 -1.42874746e-02 2.49739494e-02 3.65817128e-03
    -1.88141409e-02 -1.60428807e-02 5.22392569e-04 -4.06820327e-03
    1.98148936e-02 -4.47525503e-03 -1.06714442e-02 3.86054516e-02
    2.59343050e-02 -3.86024304e-02 -2.50626751e-03 1.36859966e-02
    -2.69511752e-02 2.98198834e-02 -2.07201727e-02 -2.24275924e-02
    4.62364927e-02 6.47978624e-03 -6.27592504e-02 -2.59345639e-02
    1.66710734e-03 -9.29140428e-04 6.44133426e-03 -8.99151247e-03
    -3.35796475e-02 1.27127701e-02 -4.94752917e-03 -4.54350263e-02
    -9.89481434e-03 3.87204550e-02 -1.14987167e-02 -3.30445468e-02
    2.86125299e-02 -3.87260057e-02 3.10718846e-02 6.23573270e-03
    -1.00021884e-02 1.36424098e-02 -7.23572727e-03 -3.41109373e-02
    1.22344978e-02 -3.47996876e-02 3.21471039e-03 4.60784025e-02
    3.03722429e-03 3.38600129e-02 4.02714610e-02 -1.22695928e-02
    -3.24481763e-02 5.09138107e-02 -4.07582447e-02 -3.44873630e-02
    2.34171003e-02 4.90448885e-02 1.65744137e-03 -5.35984570e-03
    -2.24065073e-02 -2.76502371e-02 9.66852251e-03 8.10817257e-03
    -2.75017675e-02 2.12867092e-02 6.10461133e-03 -1.17463917e-02
    7.40196509e-03 -1.38434973e-02 1.96606945e-03 3.23023200e-02
    -6.94951275e-03 -4.77920100e-02 1.17282476e-02 -1.09312227e-02
    -1.78520903e-02 1.37698073e-02 -3.13578248e-02 -5.41344509e-02
    2.13008504e-02 -1.84911881e-02 1.82853676e-02 6.66215867e-02
    4.26772423e-02 1.51838921e-03 2.47138906e-02 -1.46825658e-02
    -1.16430009e-02 2.78447615e-03 -2.76872776e-02 -3.03489715e-03
    6.49236217e-02 3.26970555e-02 -2.39949068e-03 1.77087449e-02
    -1.75901391e-02 2.21049692e-03 2.15088949e-02 1.16787301e-02
    -1.03124157e-02 4.47435156e-02 3.65619874e-03 -1.12467576e-02
    8.75327364e-03 5.20151760e-03 -2.36381236e-02 -5.22235632e-02
    4.61748336e-03 -1.70686450e-02 2.77930740e-02 -1.39538310e-02
    2.80101243e-02 4.06244099e-02 1.59553271e-02 1.00898603e-02
    1.20088179e-03 1.67120434e-02 4.78850976e-02 8.98237675e-02
    4.10827622e-02 2.25353520e-02 3.76817808e-02 -3.58845340e-04
    5.96813997e-03 3.33534479e-02 -2.88493428e-02 -8.64353124e-03
    5.34826145e-02 5.16719446e-02 -4.21203040e-02 2.80110557e-02
    1.73336379e-02 2.33057849e-02 -1.34366788e-02 9.48405545e-03
    -8.13140906e-03 2.56666727e-02 -9.79829207e-03 -3.87516879e-02
    2.17037071e-02 -1.19165173e-02 4.11545718e-03 -5.50429244e-03
    -2.81635718e-03 -2.11497415e-02 3.89949121e-02 -2.46158298e-02
    2.83745378e-02 3.67733352e-02 3.67640480e-02 2.06637289e-02
    -1.29510146e-02 -2.42827479e-02 5.02719311e-03 4.49369922e-02
    5.62837012e-02 4.83614625e-03 4.01556119e-02 3.40370797e-02
    4.59001698e-02 3.78897116e-02 1.83767602e-02 1.19068595e-02
    7.01067224e-02 1.37823755e-02 -3.17853596e-03 3.23892236e-02
    -2.75671994e-03 9.57405008e-03 2.40592230e-02 1.79265123e-02
    1.27151506e-02 6.09249659e-02 1.52591188e-02 -1.55419568e-02
    8.62032827e-03 -2.82984003e-02 4.40667272e-02 -7.70133361e-03
    1.99665539e-02 -1.15920939e-02 4.28460911e-02 4.14923066e-03
    1.45963598e-02 4.45681326e-02 1.91563368e-02 1.39259659e-02
    -2.89496593e-02 4.20650579e-02 1.09323794e-02 6.25803396e-02
    5.32365479e-02 1.51360547e-02 3.77421267e-02 -9.46112256e-03
    4.20130305e-02 2.24373918e-02 6.47249445e-02 2.51901839e-02
    9.46508721e-02 7.32998326e-02 -6.03105128e-03 -1.23999128e-02
    -3.31112444e-02 1.87189858e-02 -3.16587323e-03 4.43908386e-02
    -2.75637838e-03 4.30304743e-02 4.24522571e-02 1.88924856e-02
    4.26712409e-02 -6.41551847e-03 2.09321715e-02 1.15306946e-02
    3.91700007e-02 -9.33439285e-03 4.42623347e-02 1.28181791e-02
    -2.12766062e-02 -2.24194187e-03 2.78303232e-02 -1.92465261e-02
    -4.77355951e-03 7.41866138e-03 2.27787488e-04 4.14926670e-02
    2.76787207e-02 -2.82525439e-02 1.15772579e-02 -9.46817861e-04
    -1.63243208e-02 -2.26581134e-02 -1.98177584e-02 -3.72745954e-02
    9.76468902e-03 -1.19989729e-02 -9.17666778e-03 -1.52606061e-02
    -1.20077431e-02 -1.48759410e-02 2.57455949e-02 -8.36856943e-03
    -1.61413979e-02 1.65838823e-02 2.73950696e-02 4.99230390e-03
    1.61508806e-02 3.09897907e-04 1.28628276e-02 1.41604031e-02
    9.80120432e-03 -3.54635669e-03 2.36967728e-02 2.37493590e-02
    -2.04662960e-02 -1.03378622e-02 -2.80222129e-02 -8.98707472e-03
    -2.00624503e-02 -3.47572789e-02 -6.91387570e-03 -1.63085852e-03
    -1.24721564e-02 -2.01800317e-02 1.51691083e-02 -2.64721620e-03
    2.60482095e-02 -1.99769195e-02 5.21425391e-03 -6.07088488e-03
    3.33159715e-02 -2.29978804e-02 -1.10261571e-02 8.10563844e-03
    -2.03850009e-02 -1.58053711e-02 2.84492411e-02 1.94199278e-03
    5.70787862e-03 -8.54105782e-03 -1.74564123e-02 5.37656434e-03
    2.60721296e-02 2.44849231e-02 8.17000121e-03 4.06317711e-02
    2.28176173e-02 3.69725400e-03 2.09245980e-02 1.15414970e-02
    -2.08079666e-02 -8.46858602e-03 1.69733632e-03 3.41662928e-03
    -2.61980928e-02 -4.08324227e-02 2.16290657e-03 -3.31839360e-03
    -2.51960140e-02 -1.51006295e-03 -1.35582015e-02 -2.72917356e-02
    2.69651599e-03 -2.02231053e-02 -1.76285058e-02 -1.48927588e-02
    -8.74282513e-03 -3.07350364e-02 -9.87877604e-03 -4.57586348e-03
