<?xml version="1.0"?>
<opencv_storage>
<HOGboats type_id="opencv-object-detector-hog">
  <winSize>
    128 88</winSize>
  <blockSize>
    16 16</blockSize>
  <blockStride>
    8 8</blockStride>
  <cellSize>
    8 8</cellSize>
  <nbins>9</nbins>
  <derivAperture>1</derivAperture>
  <winSigma>4.</winSigma>
  <histogramNormType>0</histogramNormType>
  <L2HysThreshold>2.0000000000000001e-01</L2HysThreshold>
  <gammaCorrection>1</gammaCorrection>
  <nlevels>64</nlevels>
  <signedGradient>0</signedGradient>
  <SVMDetector>
    -2.73236409e-02 -7.10126059e-03 4.72443178e-03 -3.41462418e-02
    -1.68678388e-02 -2.44346224e-02 1.60642564e-02 5.38887084e-03
    -2.87251044e-02 5.84841426e-03 2.79044416e-02 2.22963635e-02
    -1.02337832e-02 1.06084179e-02 -2.92525254e-02 -2.36357804e-02
    4.55168076e-03 -2.48259935e-03 -1.08823292e-02 9.85778403e-03
    2.04769466e-02 -2.76075513e-03 -7.65049970e-03 -1.74313802e-02
    -5.25610102e-03 -5.17213251e-03 8.93733406e-04 -1.44793056e-02
    2.56187227e-02 2.49731950e-02 3.93472938e-03 -2.73808930e-03
    1.63133291e-03 1.27548603e-02 3.61049571e-03 -6.07822230e-03
    1.44305248e-02 9.44134663e-04 -1.46195283e-02 -3.09550520e-02
    -2.08371673e-02 -4.46284302e-02 -3.59784067e-02 5.52730449e-03
    9.30950744e-04 -8.65650270e-03 4.52931877e-03 -1.41337290e-02
    -1.26386015e-02 -2.85887532e-02 -1.72323547e-02 -1.17430463e-02
    3.92160341e-02 -1.56691894e-02 -1.60824005e-02 -5.33889607e-03
    -1.79658867e-02 -1.68529488e-02 -1.69346891e-02 -2.18444485e-02
    -9.67838056e-03 -1.44353742e-02 -5.26794977e-03 -6.18100492e-03
    3.72900302e-03 1.67389624e-02 1.71625689e-02 1.08498568e-02
    1.32552152e-02 -1.66449435e-02 -8.74650292e-03 -1.77569361e-03
    -1.40649974e-02 2.99495738e-02 4.26181359e-03 -5.18021248e-02
    -3.15264873e-02 -4.04031761e-02 1.38092209e-02 1.21125784e-02
    -1.87649690e-02 -2.27234270e-02 3.73034651e-04 3.56859906e-04
    -1.51645383e-02 -8.43567308e-04 -1.45825474e-02 1.41913900e-02
    1.16631016e-02 -4.08432856e-02 -1.30793068e-03 1.40204476e-02
    5.36097772e-03 -1.17603121e-02 -3.71446498e-02 -4.66205413e-03
    1.23873155e-03 -2.22243462e-02 -7.67379673e-03 -4.09332989e-03
    -4.12278250e-03 -6.33392157e-03 -2.94236653e-03 -7.09122512e-04
    1.09248105e-02 1.07796257e-02 3.33861238e-03 -1.78417042e-02
    5.02644107e-03 -9.66991950e-03 3.26140737e-03 -2.28374302e-02
    8.35756212e-03 -7.17242667e-03 -1.71859690e-03 7.64129730e-03
    1.18373018e-02 -1.08089652e-02 -2.04287376e-02 -5.04634157e-03
    -8.92061181e-03 1.42424395e-02 -1.91095490e-02 -1.61227509e-02
    7.37388968e-04 -3.03227431e-03 1.00456737e-02 -2.49655601e-02
    -2.16723364e-02 -1.21942004e-02 6.98166294e-03 1.63967181e-02
    -1.48020629e-02 -1.45071475e-02 -1.69737674e-02 9.10570193e-03
    5.32899424e-03 1.54809449e-02 -5.80039981e-04 4.80706664e-03
    2.72957180e-02 1.77636966e-02 1.52618177e-02 -1.29225571e-02
    8.15340225e-03 -2.15189401e-02 7.52046821e-04 -8.63940106e-04
    -3.37701733e-03 -4.32287343e-02 8.52552615e-03 2.96995919e-02
    3.23484913e-02 -9.13281087e-03 -2.75971694e-03 -9.61608166e-05
    -2.76931170e-02 -4.51449567e-04 -1.42703773e-02 -2.53997594e-02
    4.24158461e-02 1.57593116e-02 -2.82755904e-02 -2.29440406e-02
    -1.88706759e-02 2.23663021e-02 -5.99415682e-04 -1.51612591e-02
    -1.14720743e-02 1.86776347e-03 -2.42924900e-03 -3.68938334e-02
    -6.68229489e-03 -7.22132763e-03 2.60106530e-02 1.69892665e-02
    2.66202018e-02 -5.07637952e-03 3.26305558e-03 -1.38667598e-03
    -6.69814600e-03 9.08192899e-03 -1.17930816e-02 -4.43985648e-02
    1.50944665e-02 -6.37936816e-02 -1.60416756e-02 5.44917285e-02
    1.03073455e-02 7.83099420e-03 2.58882716e-02 -2.48233182e-03
    1.28724463e-02 3.52501459e-02 -2.69762315e-02 -2.22385935e-02
    3.29679176e-02 1.63794328e-02 -1.73320423e-03 -5.54473791e-03
    -3.84591930e-02 -2.00043730e-02 -6.38118247e-03 -7.77988974e-03
    2.73159030e-03 2.87515647e-03 -5.73632121e-03 4.67577949e-03
    1.81577820e-02 -6.34093909e-03 8.56127031e-03 -3.56235988e-02
    -6.79962756e-03 2.22647213e-03 2.31222995e-02 -6.88834675e-03
    -2.24132929e-02 3.19033116e-03 -2.93952078e-02 -1.92515757e-02
    2.73474269e-02 5.91557845e-03 -5.11921197e-03 4.14585061e-02
    1.56718642e-02 6.39922917e-03 1.91417802e-02 -1.24826394e-02
    1.64551008e-03 2.79524177e-03 1.46099683e-02 2.31071338e-02
    4.26710509e-02 1.89635418e-02 -1.83893293e-02 -7.51444278e-03
    -3.94554958e-02 -6.88400632e-03 -1.53714428e-02 -4.19524824e-03
    -1.94046404e-02 1.94036774e-02 -2.37556417e-02 -1.14131449e-02
    9.85259004e-03 -5.68844099e-03 6.29490055e-03 -3.20328362e-02
    5.65503072e-03 -1.99336987e-02 1.67829152e-02 -2.20707580e-02
    8.21392052e-03 2.51981225e-02 -1.18166383e-03 -2.30140761e-02
    -3.12252576e-03 -1.23662306e-02 2.10695714e-02 6.69455603e-02
    5.40071651e-02 7.84621201e-03 2.66255960e-02 1.20952725e-02
    -3.56264040e-02 2.35470962e-02 -1.27545362e-02 9.17183794e-03
    6.54584244e-02 6.97169974e-02 -4.51352783e-02 1.31348446e-02
    9.63406637e-03 1.66379625e-03 -3.60576771e-02 1.49262440e-03
    -7.39722187e-03 5.76499430e-03 -2.10100897e-02 -4.33594920e-02
    2.69636288e-02 6.67518657e-03 3.59249278e-03 -3.23124789e-02
    1.05839185e-02 -2.08230689e-03 1.45020783e-02 -1.90111976e-02
    3.90504091e-03 1.43813656e-03 1.60310604e-02 -1.13149108e-02
    1.13599878e-02 -7.54241832e-03 7.44493725e-03 3.47806364e-02
    5.53872921e-02 -1.43368067e-02 1.97232179e-02 1.51314456e-02
    4.64012288e-02 8.45612958e-03 -2.37521832e-03 -2.81101535e-03
    2.52793692e-02 -3.48169403e-03 -1.08919283e-02 1.12334955e-02
    3.59433331e-03 8.77394341e-03 -1.00393975e-02 7.79630570e-03
    -5.90764917e-03 3.77589092e-02 3.84718552e-03 -2.59374250e-02
    1.28921894e-02 5.00672264e-03 2.90961061e-02 -1.80701185e-02
    2.24133600e-02 -1.29811615e-02 2.01126989e-02 -1.12532899e-02
    -3.28709744e-03 2.46499758e-02 -7.70546542e-03 8.00934900e-03
    2.92775710e-03 2.29921900e-02 2.42757481e-02 3.87742855e-02
    1.83128547e-02 2.52359696e-02 2.92406082e-02 -2.03863811e-02
    6.22304939e-02 3.82473990e-02 5.14531173e-02 3.17093767e-02
    6.66573718e-02 5.54014891e-02 -1.30820712e-02 -8.13074224e-03
    -9.10608657e-03 1.31020807e-02 -2.98331063e-02 3.46803106e-02
    2.61856597e-02 2.59703528e-02 1.00011649e-02 2.49648257e-03
    -3.33942752e-03 -1.06452396e-02 2.26946790e-02 -3.17674838e-02
    4.47839200e-02 -7.33360136e-03 2.97768917e-02 1.00582819e-02
    -2.50485856e-02 -4.61776648e-03 -3.84832150e-03 -2.28139367e-02
    -2.02670041e-02 5.85462991e-03 1.55876493e-02 1.59491003e-02
    1.66670401e-02 -2.99674962e-02 1.43716636e-03 1.32883089e-02
    -6.78331684e-03 -4.03259024e-02 4.35426692e-03 3.36511410e-03
    -4.33746586e-03 -8.15491099e-03 -9.52371862e-03 -2.25799102e-02
    -1.52679496e-02 1.24541400e-02 5.53203840e-03 -2.36572558e-03
    -1.08605660e-02 1.00849534e-03 9.53328703e-03 -3.25186714e-03
    5.90284262e-03 2.41844114e-02 2.44722757e-02 7.64620863e-03
    -5.18410779e-05 -6.46533165e-03 2.29705870e-02 8.84103682e-03
    -9.27293207e-03 -1.31898653e-03 -3.03955609e-03 -5.09794476e-03
    -2.40127854e-02 -2.24450771e-02 6.72871759e-03 -6.81645644e-04
    9.20552481e-03 -3.01365387e-02 2.21590456e-02 3.19939330e-02
    -2.90605240e-03 -8.94220825e-03 1.18458259e-03 -1.21383322e-02
    3.90611566e-03 -2.23186929e-02 -4.32147598e-03 1.35575105e-02
    7.48623302e-03 9.51672555e-04 -8.36237054e-03 -1.58523899e-02
    -2.79625151e-02 -1.71611644e-02 6.26508659e-03 -6.11028448e-03
    2.29971856e-02 2.35565025e-02 5.26863150e-03 2.86398102e-02
    -4.17139288e-03 -1.27424169e-02 1.16616674e-02 -1.42493276e-02
    -2.27765949e-03 1.65241230e-02 2.27113292e-02 -1.11579234e-02
    -2.82584094e-02 -3.30594853e-02 -1.12063745e-02 -3.17652971e-02
    -1.16248140e-02 -1.30041894e-02 -2.66377218e-02 -2.51598507e-02
    -2.06031706e-02 2.52357572e-02 -4.59289690e-03 4.64593340e-03
    -1.84210874e-02 -3.00621651e-02 1.56142060e-02 -3.62028880e-03
